0.338435
0.208574
0.290203
0.605047
0.554115
0.231991
0.299893
0.336159
0.299147
0.336172
0.541189
0.238779
0.227730
0.297664
0.337656
0.546526
0.308620
0.327432
0.504895
0.255434
0.317724
0.476450
0.329373
0.261869
0.314128
0.485505
0.312668
0.268427
0.312821
0.322625
0.251567
0.491986
0.261245
0.471775
0.323738
0.313744
0.307766
0.328106
0.264364
0.467564
0.423624
0.335741
0.304050
0.294117
0.304592
0.409834
0.343202
0.297840
0.281094
0.318459
0.317505
0.442966
0.328657
0.278340
0.315436
0.433239
0.292338
0.322475
0.313741
0.425044
0.297166
0.305396
0.330156
0.418354
0.333248
0.392876
0.296682
0.322164
0.297690
0.339931
0.299868
0.409073
0.371268
0.345068
0.321582
0.303284
0.333987
0.299714
0.310835
0.401100
0.312465
0.302787
0.383133
0.343959
0.360616
0.338870
0.336579
0.302618
0.360398
0.289414
0.345429
0.342420
0.333881
0.306825
0.398856
0.302277
0.355630
0.343011
0.336328
0.302844
0.334397
0.310482
0.310422
0.386257
0.322464
0.303230
0.370967
0.342174
0.324102
0.324639
0.390068
0.302245
0.296610
0.332353
0.331431
0.379736
0.334898
0.356951
0.296129
0.348939
0.297423
0.334332
0.331132
0.376810
0.343603
0.290984
0.349705
0.349812
0.331038
0.306111
0.326226
0.376608
0.342713
0.355025
0.298490
0.338539
0.299830
0.338031
0.346258
0.350493
0.300907
0.339548
0.359515
0.336286
0.329368
0.318630
0.384973
0.306965
0.344343
0.338054
0.301371
0.351871
0.331524
0.308893
0.323432
0.376579
0.302254
0.332620
0.348764
0.353917
0.333509
0.315450
0.317427
0.374633
0.335769
0.309468
0.322961
0.372120
0.337570
0.309752
0.322021
0.370907
0.339279
0.316612
0.316325
0.368789
0.303184
0.331918
0.370093
0.330268
0.304555
0.327758
0.346605
0.360222
0.339654
0.312767
0.318456
0.370584
0.305255
0.326235
0.338802
0.370630
0.343236
0.312167
0.374192
0.311221
0.345130
0.361551
0.305229
0.326262
0.337618
0.369193
0.306348
0.325273
0.315684
0.337004
0.376353
0.312937
0.347646
0.313993
0.355106
0.322818
0.348582
0.361402
0.307544
0.322779
0.336679
0.303242
0.329214
0.369567
0.348812
0.363020
0.309373
0.319964
0.310177
0.350151
0.364919
0.317571
0.350589
0.363191
0.312518
0.317895
0.310117
0.344005
0.373050
0.317987
0.354193
0.317979
0.305930
0.366517
0.336556
0.305350
0.384592
0.314478
0.339049
0.313121
0.315581
0.375322
0.301798
0.346910
0.379434
0.319971
0.304914
0.349455
0.373171
0.320043
0.359417
0.361774
0.303869
0.320373
0.337780
0.308304
0.389427
0.306319
0.316027
0.335199
0.316571
0.380247
0.297506
0.352096
0.329907
0.370084
0.361955
0.323758
0.358926
0.306789
0.363254
0.288804
0.330416
0.370219
0.297835
0.350241
0.317474
0.386672
0.341987
0.300750
0.319993
0.386520
0.319782
0.371714
0.361709
0.295242
0.367115
0.373005
0.320026
0.296330
0.321505
0.337848
0.301408
0.389661
0.368878
0.329194
0.363645
0.296883
0.370681
0.369074
0.322170
0.291799
0.372614
0.370708
0.288120
0.328599
0.374790
0.275816
0.337625
0.371310
0.377312
0.274414
0.381871
0.328487
0.283673
0.373581
0.375264
0.329308
0.342291
0.288989
0.397522
0.329940
0.278933
0.376497
0.336704
0.375352
0.385504
0.330958
0.278666
0.369776
0.343486
0.318746
0.415364
0.279799
0.327865
0.393387
0.364761
0.284657
0.388860
0.333181
0.272036
0.374620
0.276643
0.385308
0.377855
0.332381
0.271364
0.335471
0.348466
0.415769
0.347662
0.321900
0.279856
0.415782
0.331171
0.270436
0.394867
0.384240
0.397387
0.372185
0.268983
0.334819
0.329575
0.267716
0.400077
0.382664
0.348931
0.272600
0.331421
0.424088
0.351205
0.269942
0.331447
0.424551
0.353308
0.424588
0.332407
0.265039
0.403992
0.250199
0.348004
0.386704
0.263835
0.337500
0.408459
0.378832
0.353752
0.431337
0.257960
0.338601
0.256837
0.370353
0.332067
0.434114
0.356388
0.265528
0.428677
0.339586
0.254110
0.340376
0.415042
0.382735
0.357875
0.328738
0.443662
0.256130
0.335446
0.251161
0.378451
0.440807
0.419368
0.382883
0.251407
0.341423
0.250822
0.373877
0.334411
0.445683
0.360839
0.330359
0.451075
0.257426
0.337058
0.252339
0.426449
0.391323
0.428008
0.384936
0.253393
0.342160
0.430746
0.343770
0.247091
0.386242
0.338879
0.357165
0.460313
0.250827
0.434323
0.344517
0.241781
0.397906
0.248737
0.369912
0.455079
0.343083
0.338121
0.445347
0.246436
0.388643
0.338283
0.246624
0.444239
0.393658
0.248889
0.371053
0.337148
0.468142
0.244073
0.442772
0.395050
0.345955
0.338868
0.361345
0.475685
0.246310
0.339681
0.242357
0.377461
0.473643
0.244605
0.344218
0.370709
0.474789
0.340511
0.366776
0.478999
0.246445
0.341254
0.459272
0.238778
0.398591
0.456822
0.395612
0.341469
0.248495
0.459474
0.238377
0.401433
0.346203
0.462807
0.239222
0.351191
0.395463
0.340775
0.368301
0.245264
0.488418
0.342922
0.241975
0.377705
0.489874
0.244969
0.382297
0.340360
0.491002
0.241151
0.346203
0.379117
0.492155
0.380392
0.490378
0.237242
0.348927
0.471712
0.235624
0.352868
0.403546
0.381092
0.337379
0.240956
0.498088
0.476029
0.230550
0.357583
0.411861
0.244329
0.386302
0.340543
0.503288
0.481161
0.238069
0.352404
0.404983
0.238485
0.345865
0.487319
0.405957
0.486967
0.404658
0.244772
0.346468
0.383294
0.509187
0.343579
0.243520
0.343117
0.241085
0.493392
0.407375
0.492509
0.407597
0.236514
0.350830
0.385610
0.515065
0.343840
0.239632
0.388799
0.246860
0.341397
0.519419
0.241621
0.393810
0.514970
0.347936
0.239360
0.496450
0.354699
0.412100
0.390790
0.520775
0.344842
0.242209
0.238933
0.500314
0.353279
0.414702
0.245969
0.396394
0.522892
0.347929
0.243585
0.504260
0.353405
0.415192
0.508484
0.239785
0.419668
0.347492
0.343996
0.390102
0.243213
0.533723
0.396524
0.342702
0.244527
0.534357
0.511906
0.420249
0.345597
0.240706
0.346585
0.394439
0.538729
0.242307
0.239943
0.347554
0.518505
0.430765
0.344635
0.522691
0.246599
0.421377
0.519432
0.350908
0.245128
0.421472
0.521615
0.422553
0.243748
0.347735
0.523582
0.350635
0.418494
0.243770
0.345857
0.530610
0.419211
0.245522
0.402602
0.244494
0.342079
0.549905
0.527164
0.430894
0.345439
0.251223
0.248725
0.408400
0.547344
0.348496
0.247441
0.410159
0.342905
0.552724
0.345802
0.405284
0.248332
0.552638
0.411448
0.246040
0.548044
0.353224
0.412811
0.341611
0.249049
0.553580
0.346854
0.247185
0.418143
0.554419
0.416172
0.253560
0.344535
0.554478
0.347644
0.536683
0.436266
0.252241
0.347576
0.251582
0.417793
0.556549
0.420588
0.552959
0.348878
0.250455
0.422249
0.249660
0.552539
0.355157
0.423321
0.251704
0.345334
0.558038
0.348420
0.539890
0.250836
0.447131
0.537497
0.354286
0.257762
0.445548
0.539448
0.256049
0.356156
0.445396
0.256140
0.427723
0.345127
0.564015
0.427023
0.560091
0.349264
0.256111
0.254902
0.352427
0.427448
0.564307
0.348758
0.426887
0.564719
0.257573
0.256418
0.350961
0.431527
0.563900
0.541032
0.456680
0.349956
0.256753
0.255844
0.439349
0.562075
0.351678
0.543695
0.261949
0.357338
0.455651
0.261901
0.350966
0.434167
0.567934
0.437265
0.344858
0.262396
0.567480
0.260963
0.441871
0.562968
0.354559
0.263037
0.443040
0.563464
0.352854
0.441928
0.262863
0.563688
0.353147
0.545149
0.356915
0.461830
0.263285
0.546879
0.465749
0.351874
0.265249
0.264357
0.446020
0.566471
0.353093
0.264241
0.447745
0.347715
0.570227
0.351191
0.443708
0.264731
0.569929
0.453056
0.566310
0.352327
0.271461
0.352010
0.271141
0.551027
0.471726
0.450777
0.347611
0.270624
0.570738
0.547635
0.359037
0.271168
0.473089
0.352921
0.270703
0.451261
0.571818
0.454690
0.350191
0.272470
0.571257
0.354158
0.453524
0.570688
0.272917
0.354762
0.551199
0.273600
0.479808
0.272587
0.460812
0.566761
0.359328
0.460607
0.350755
0.274868
0.570092
0.462723
0.351439
0.275028
0.569210
0.275265
0.545935
0.364859
0.484520
0.463897
0.352075
0.570168
0.278188
0.357159
0.550519
0.279179
0.491159
0.548030
0.363344
0.483712
0.285605
0.284757
0.549100
0.489815
0.360038
0.358221
0.553255
0.286299
0.487267
0.467232
0.284743
0.355911
0.571162
0.469818
0.355374
0.285533
0.569514
0.285917
0.361932
0.471010
0.567914
0.474557
0.357054
0.566461
0.287340
0.362168
0.546675
0.496046
0.287873
0.543348
0.368884
0.495057
0.288475
0.476372
0.562466
0.365259
0.290704
0.543079
0.500405
0.290899
0.365503
0.291088
0.365036
0.546424
0.502705
0.543583
0.299025
0.371643
0.497744
0.364854
0.547632
0.300048
0.498652
0.298899
0.480568
0.561154
0.368250
0.541636
0.300930
0.373658
0.500438
0.367323
0.477995
0.562727
0.301432
0.483318
0.300467
0.365659
0.560206
0.301989
0.537494
0.376248
0.504626
0.302871
0.538410
0.507591
0.373146
0.305177
0.538094
0.507543
0.372946
0.484883
0.305402
0.368753
0.557366
0.534845
0.508540
0.373797
0.308300
0.487291
0.551018
0.309099
0.376638
0.374619
0.310970
0.534761
0.509255
0.375483
0.486727
0.311318
0.550546
0.491362
0.372967
0.547812
0.314288
0.525807
0.515005
0.320754
0.380393
0.320752
0.380367
0.491577
0.545137
0.321906
0.523419
0.516877
0.382903
0.323007
0.523115
0.388510
0.511740
0.524143
0.326121
0.388995
0.511221
0.325488
0.384861
0.526010
0.510904
0.384949
0.488984
0.326503
0.540643
0.328337
0.494523
0.384162
0.537682
0.329899
0.516833
0.515983
0.391277
0.516422
0.394409
0.508990
0.334153
0.517492
0.510555
0.391933
0.335688
0.335616
0.516789
0.510907
0.394267
0.515821
0.339437
0.399716
0.507482
0.340045
0.395464
0.487891
0.531881
0.396430
0.488305
0.528446
0.343837
0.508853
0.510418
0.345327
0.400819
0.399800
0.345829
0.510613
0.510164
0.352045
0.508326
0.407242
0.506259
0.403026
0.485997
0.353674
0.523340
0.489435
0.355279
0.403680
0.520382
0.357688
0.408678
0.504235
0.507613
0.359582
0.410391
0.503864
0.505918
0.361538
0.489076
0.514500
0.414318
0.488586
0.410864
0.363544
0.513962
0.415698
0.366138
0.488830
0.511551
0.418453
0.488162
0.509198
0.371394
0.371381
0.421088
0.489773
0.507438
0.490421
0.373318
0.420999
0.505716
0.375972
0.491463
0.502570
0.428121
0.489862
0.432092
0.381723
0.501893
0.428563
0.381595
0.494542
0.499767
0.484071
0.428620
0.505130
0.386047
0.433051
0.492838
0.497239
0.388348
0.491718
0.496944
0.393723
0.438051
0.437271
0.394131
0.481713
0.503846
0.482906
0.500495
0.398599
0.443304
0.398815
0.484642
0.441813
0.500896
0.401297
0.485228
0.444409
0.499729
0.484721
0.403719
0.497513
0.450844
0.450107
0.483951
0.497653
0.408702
0.453072
0.488829
0.495467
0.411878
0.484306
0.411925
0.496967
0.457897
0.488586
0.495157
0.459186
0.416680
0.483759
0.497010
0.461683
0.419181
0.419283
0.463698
0.484339
0.497983
0.485223
0.463116
0.497250
0.424955
0.466700
0.490421
0.427267
0.495050
0.468826
0.491557
0.493342
0.429632
0.471121
0.484277
0.498650
0.432844
0.432954
0.474234
0.493017
0.494871
0.437255
0.476458
0.494294
0.494053
0.439544
0.478725
0.486378
0.500694
0.480574
0.485324
0.442283
0.502520
0.496254
0.486723
0.492302
0.446570
0.486776
0.446835
0.504212
0.488326
0.449091
0.488470
0.488700
0.504853
0.490187
0.500046
0.453473
0.496890
0.492353
0.491791
0.454047
0.502115
0.456026
0.496797
0.495319
0.504689
0.500274
0.460659
0.500531
0.500767
0.462477
0.499430
0.504473
0.501434
0.501325
0.506248
0.502603
0.466555
0.502827
0.503626
0.505671
0.468614
0.504760
0.468893
0.505012
0.506183
0.503156
0.472330
0.511983
0.509334
0.472764
0.509181
0.507531
0.511252
0.510337
0.475513
0.510573
0.508242
0.505788
0.478776
0.517728
0.514348
0.479197
0.508360
0.517621
0.515987
0.515504
0.482461
0.510903
0.517724
0.509301
0.520040
0.485710
0.519929
0.485986
0.513180
0.521508
0.521367
0.520562
0.487940
0.514279
0.522776
0.514146
0.524115
0.491096
0.524320
0.523888
0.514163
0.526716
0.492933
0.525815
0.493768
0.516807
0.527369
0.526940
0.527009
0.517603
0.496903
0.528692
0.519354
0.499623
0.530494
0.518908
0.501110
0.533352
0.531918
0.501508
0.532196
0.531819
0.521140
0.533533
0.532611
0.503356
0.522218
0.504730
0.535254
0.534748
0.523301
0.535912
0.506417
0.523176
0.541851
0.537126
0.525080
0.510234
0.539077
0.538575
0.510622
0.538920
0.527032
0.541645
0.512146
0.540310
0.529203
0.513580
0.528915
0.544003
0.543093
0.515563
0.530184
0.544802
0.545986
0.517023
0.544696
0.532605
0.545796
0.518512
0.532697
0.548355
0.547071
0.519950
0.547748
0.546985
0.535303
0.521891
0.535221
0.550307
0.549677
0.549329
0.537057
0.524463
0.551006
0.537259
0.525750
0.553535
0.552865
0.538542
0.528071
0.553785
0.553660
0.553155
0.552876
0.528639
0.540733
0.529824
0.555329
0.554815
0.542741
0.531226
0.542831
0.557615
0.557443
0.543632
0.558209
0.534049
0.558553
0.558266
0.534416
0.544886
0.560989
0.559443
0.546421
0.536676
0.560967
0.546824
0.562658
0.538846
0.562164
0.539117
0.549341
0.563643
0.563403
0.549477
0.564220
0.564499
0.541480
0.550769
0.542567
0.566012
0.565833
0.543339
0.552528
0.567182
0.566925
0.566671
0.544669
0.553355
0.568269
0.545813
0.554466
0.569452
0.570676
0.555917
0.569990
0.569722
0.548906
0.570143
0.556765
0.571150
0.550119
0.571290
0.571087
0.558778
0.551352
0.559174
0.552388
0.574118
0.573897
0.573642
0.553198
0.574031
0.560643
0.575247
0.561286
0.576140
0.555260
0.575893
0.555537
0.576507
0.563713
0.577003
0.576816
0.563943
0.558362
0.558563
0.564937
0.580480
0.579479
0.566235
0.580194
0.560554
0.580710
0.567471
0.561624
0.581982
0.581650
0.562323
0.568685
0.582945
0.582909
0.582531
0.563502
0.570024
0.583823
0.564552
0.570658
0.585246
0.585276
0.571425
0.567071
0.586960
0.585885
0.573140
0.586598
0.568244
0.586970
0.568523
0.587355
0.574475
0.588040
0.569607
0.588406
0.588381
0.575341
0.570995
0.590240
0.576893
0.590118
0.577088
0.590774
0.572857
0.591321
0.578274
0.591802
0.573911
0.592222
0.574497
0.592519
0.579594
0.594119
0.592962
0.592768
0.580857
0.577046
0.594040
0.593887
0.581651
0.578083
0.595251
0.578360
0.583211
0.596303
0.579333
0.583900
0.598113
0.597280
0.585005
0.597923
0.597754
0.581145
0.598331
0.597966
0.582086
0.586438
0.586594
0.583633
0.600925
0.600285
0.600128
0.584024
0.600518
0.588369
0.601562
0.600969
0.585074
0.589877
0.602276
0.601964
0.590202
0.587028
0.603159
0.591252
0.587962
0.604290
0.604096
0.588862
0.604485
0.592583
0.605105
0.593172
0.590472
0.606538
0.590754
0.606567
0.595095
0.607194
0.607052
0.591785
0.595860
0.608155
0.608083
0.593014
0.608391
0.596719
0.609169
0.593972
0.598071
0.610072
0.609929
0.594934
0.610330
0.598906
0.610874
0.596135
0.611249
0.599679
0.597018
0.612531
0.600679
0.613531
0.598473
0.613226
0.602103
0.613795
0.613666
0.613552
0.599514
0.602950
0.600353
0.615128
0.603654
0.615804
0.615544
0.601311
0.615913
0.604771
0.602179
0.617126
0.605465
0.617868
0.606318
0.618007
0.617886
0.603991
0.607083
0.604798
0.619399
0.620106
0.619121
0.605644
0.619499
0.608675
0.606503
0.609323
0.621326
0.621052
0.620925
0.607429
0.610690
0.621962
0.608283
0.622766
0.622193
0.611502
0.622711
0.622614
0.611839
0.610273
0.610505
0.624103
0.612984
0.625008
0.613520
0.625476
0.624979
0.611983
0.612216
0.615195
0.626573
0.626322
0.613525
0.615968
0.627293
0.627209
0.616550
0.614924
0.628225
0.628050
0.615454
0.628436
0.628323
0.617834
0.628911
0.628725
0.616385
0.619076
0.617169
0.630168
0.619770
0.630716
0.618220
0.620471
0.631748
0.631507
0.621037
0.631996
0.619606
0.632356
0.632257
0.621828
0.620428
0.633259
0.620897
0.623143
0.634409
0.633989
0.623939
0.622660
0.634956
0.634851
0.622969
0.625107
0.635799
0.635708
0.635614
0.635516
0.625532
0.624369
0.636456
0.626664
0.625165
0.637388
0.637290
0.637205
0.625500
0.627834
0.638327
0.638029
0.628173
0.627199
0.627435
0.629231
0.640207
0.639836
0.629763
0.640293
0.640353
0.628775
0.640563
0.629227
0.631339
0.641457
0.641370
0.641292
0.630062
0.632106
0.630790
0.632737
0.643286
0.643051
0.633262
0.643498
0.632253
0.643880
0.632885
0.634387
0.644766
0.644635
0.634901
0.634127
0.645696
0.645428
0.645338
0.636048
0.645804
0.634978
0.636728
0.635687
0.647106
0.647025
0.637435
0.647458
0.636474
0.648005
0.638140
0.637538
0.648717
0.648557
0.648478
0.639067
0.638325
0.649338
0.639738
0.650332
0.639067
0.650098
0.639495
0.650425
0.641214
0.650856
0.650783
0.641537
0.640731
0.651623
0.640994
0.642567
0.652955
0.652353
0.652265
0.642092
0.643662
0.653134
0.642812
0.644323
0.653958
0.653892
0.653812
0.644675
0.644015
0.654799
0.654557
0.654481
0.645561
0.644934
0.645169
0.646557
0.656276
0.656120
0.656049
0.655977
0.647095
0.646376
0.647712
0.657260
0.657329
0.647239
0.647473
0.658202
0.649267
0.658315
0.648512
0.649924
0.659135
0.659065
0.659000
0.658931
0.650300
0.649721
0.650922
0.660462
0.660134
0.650429
0.660462
0.660400
0.651967
0.651148
0.652576
0.661803
0.661597
0.652149
0.661931
0.661873
0.653319
0.652853
0.662689
0.654262
0.653543
0.663472
0.663381
0.653965
0.655288
0.664177
0.664110
0.654666
0.655950
0.664918
0.655333
0.665358
0.665133
0.656776
0.665518
0.665464
0.657083
0.656761
0.666292
0.657022
0.666567
0.658388
0.658640
0.667398
0.667345
0.658148
0.658378
0.668064
0.659666
0.668451
0.668350
0.660103
0.659749
0.669108
0.660004
0.669429
0.669407
0.661135
0.660809
0.670129
0.670129
0.662056
0.670445
0.661518
0.670774
0.662705
0.671146
0.662192
0.671503
0.663347
0.663595
0.672381
0.663371
0.672562
0.664494
0.664015
0.673297
0.673237
0.665127
0.673703
0.673542
0.664713
0.673891
0.673793
0.665934
0.665496
0.665724
0.666849
0.675601
0.675269
0.666622
0.675554
0.667632
0.675914
0.667903
0.676308
0.676215
0.667698
0.667926
0.676882
0.669134
0.677254
0.668580
0.677711
0.669757
0.677909
0.677857
0.669485
0.670385
0.678569
0.670108
0.670984
0.679412
0.679218
0.670740
0.671712
0.679928
0.679909
0.679807
0.679765
0.671529
0.672613
0.680484
0.672155
0.680782
0.673229
0.681140
0.672792
0.681592
0.673841
0.681773
0.674106
0.682230
0.674031
0.682426
0.674276
0.682725
0.675178
0.674883
0.675740
0.683990
0.683794
0.676245
0.684082
0.684040
0.676010
0.684342
0.684291
0.676271
0.677214
0.677457
0.677208
0.685834
0.685641
0.685595
0.677590
0.685890
0.678512
0.678186
0.679064
0.687340
0.686880
0.686827
0.686790
0.679045
0.679925
0.687480
0.680187
0.687811
0.680019
0.688112
0.680783
0.688439
0.680624
0.688780
0.680862
0.689158
0.681805
0.681657
0.682361
0.690052
0.690064
0.689962
0.682858
0.690289
0.682645
0.690590
0.690541
0.683468
0.683247
0.691252
0.691159
0.683601
0.684365
0.691849
0.684718
0.684523
0.692471
0.684758
0.692903
0.692706
0.685618
0.693032
0.685564
0.686379
0.693686
0.686145
0.693972
0.686957
0.694288
0.694253
0.687228
0.687085
0.694889
0.687782
0.687646
0.695609
0.695475
0.695435
0.688103
0.695712
0.688880
0.696045
0.689132
0.689025
0.696675
0.689686
0.697176
0.689696
0.697265
0.697226
0.690365
0.690275
0.697865
0.697826
0.690930
0.698130
0.690860
0.691076
0.698779
0.691784
0.699175
0.691821
0.692417
0.699649
0.699596
0.699558
0.699525
0.692418
0.693095
0.700204
0.700119
0.693537
0.693411
0.700737
0.693643
0.694381
0.701366
0.694196
0.701634
0.701661
0.694949
0.694846
0.702212
0.695486
0.702545
0.702473
0.702432
0.695433
0.696222
0.703051
0.703018
0.696485
0.696317
0.696528
0.697278
0.704573
0.704226
0.697249
0.697907
0.704813
0.704781
0.704746
0.698178
0.705038
0.698140
0.698351
0.705656
0.705571
0.699017
0.699242
0.706468
0.699378
0.706451
0.699944
0.699912
0.707106
0.707003
0.700232
0.707274
0.707245
0.700798
0.707531
0.700790
0.707851
0.701413
0.701321
0.708387
0.701931
0.708735
0.701937
0.708938
0.702462
0.709421
0.702853
0.709506
0.709470
0.702800
0.709734
0.709704
0.703034
0.703685
0.703908
0.710752
0.710560
0.704026
0.704594
0.711148
0.704551
0.711405
0.711373
0.705136
0.711699
0.705097
0.711980
0.705735
0.705694
0.712496
0.712464
0.705926
0.712725
0.706547
0.713007
0.706453
0.707050
0.713689
0.713535
0.713505
0.707061
0.707653
0.714074
0.707886
0.707863
0.714885
0.714597
0.714561
0.708257
0.708835
0.708762
0.715427
0.709341
0.715710
0.715676
0.709585
0.709584
0.716257
0.709799
0.710416
0.716909
0.716758
0.710460
0.710930
0.717313
0.717286
0.710973
0.717539
0.711449
0.717913
0.711815
0.718081
0.711782
0.718327
0.712320
0.712280
0.718919
0.718847
0.712822
0.719108
0.719135
0.712948
0.719334
0.713408
0.713447
0.719945
0.713899
0.720183
0.720122
0.714033
0.720370
0.720348
0.714259
0.714825
0.720901
0.720868
0.715064
0.715051
0.721415
0.715262
0.721784
0.715819
0.721941
0.721893
0.715839
0.716379
0.722436
0.716604
0.722699
0.716615
0.716812
0.723327
0.717344
0.723600
0.717504
0.717959
0.724001
0.723970
0.723948
0.718204
0.718289
0.724482
0.724455
0.718698
0.718782
0.725033
0.724959
0.724931
0.719258
0.719284
0.725463
0.719734
0.719760
0.726109
0.720098
0.726224
0.720598
0.726482
0.726456
0.726436
0.720612
0.721097
0.726965
0.721091
0.721568
0.727482
0.721564
0.727843
0.727687
0.722115
0.722110
0.728210
0.722583
0.728463
0.722590
0.728790
0.728670
0.723068
0.728942
0.723341
0.729192
0.723476
0.723673
0.729675
0.724189
0.729930
0.724408
0.724421
0.730496
0.730417
0.730395
0.724891
0.730644
0.724976
0.730884
0.725180
0.731117
0.725621
0.731367
0.725950
0.731620
0.725928
0.731931
0.731826
0.726259
0.726680
0.732335
0.726726
0.732574
0.727150
0.727353
0.733148
0.727450
0.733316
0.733340
0.727718
0.733524
0.728134
0.728177
0.734024
0.728586
0.734315
0.734242
0.728916
0.728907
0.734823
0.734716
0.734688
0.729239
0.729633
0.735196
0.729843
0.729950
0.735688
0.735666
0.735666
0.730168
0.730606
0.736138
0.736161
0.730686
0.731066
0.736609
0.731136
0.736835
0.731521
0.731718
0.737515
0.731835
0.737596
0.732271
0.737785
0.732344
0.738012
0.737990
0.732548
0.738344
0.732975
0.733172
0.738748
0.733356
0.738931
0.738909
0.733736
0.739145
0.733820
0.734009
0.739617
0.734423
0.739901
0.734458
0.734909
0.740405
0.740309
0.735014
0.740531
0.735369
0.740774
0.740747
0.740723
0.735640
0.735727
0.741206
0.735923
0.741471
0.736320
0.736412
0.736747
0.742192
0.742133
0.742109
0.742092
0.736871
0.737304
0.737500
0.737544
0.743101
0.743036
0.737937
0.743287
0.743244
0.738048
0.743464
0.738431
0.738481
0.744046
0.743907
0.738868
0.739021
0.744380
0.744359
0.739222
0.739537
0.744851
0.739649
0.740008
0.745310
0.745265
0.740310
0.745495
0.745477
0.740340
0.745744
0.740630
0.740983
0.746159
0.746140
0.741067
0.741417
0.746601
0.741615
0.746825
0.746807
0.741741
0.741923
0.747260
0.742274
0.747510
0.742514
0.747736
0.747673
0.742694
0.747887
0.742884
0.748142
0.743277
